   1.1499999999999999        2.0484542512193116        1.1702906453906252E-002
   1.1799999999999999        2.0494959565322741        8.9557631199288137E-003
   1.2100000000000000        2.0333060245611634        7.0735074828119290E-003
   1.2400000000000000        2.0213169167264691        6.0909791162775083E-003
   1.2700000000000000        2.0098207463351985        5.0776551197954378E-003
   1.3000000000000000        2.0118426757012635        4.6571417505064834E-003
   1.3300000000000001        2.0127710469964231        3.5830934375517898E-003
   1.3599999999999999        2.0100739030104315        3.2506320562853386E-003
   1.3900000000000001        2.0086837166956641        2.6901917563764487E-003
   1.4199999999999999        2.0083272963023826        2.2668365349773766E-003
   1.4500000000000000        2.0078140876624149        1.7683893890436126E-003
   1.4800000000000000        2.0074003809662364        1.6705832398124269E-003
   1.5100000000000000        2.0074074532928541        1.4834957233685654E-003
   1.5400000000000000        2.0064645981840266        1.5013383259735555E-003
   1.5699999999999998        2.0033930029611549        1.4897935094665231E-003
   1.6000000000000001        1.9981192512783337        1.4709121256270311E-003
   1.6299999999999999        1.9954953686686250        1.5946688805355566E-003
   1.6600000000000001        1.9907731101339299        1.5648342453659268E-003
   1.6899999999999999        1.9843808108813021        1.6640563564522526E-003
   1.7200000000000000        1.9773463370314228        1.6073896677722909E-003
   1.7500000000000000        1.9678418769991946        1.9038089216483684E-003
   1.7800000000000000        1.9558711077994062        1.8809975112698729E-003
   1.8100000000000001        1.9430312621712493        1.8431779081558906E-003
   1.8399999999999999        1.9321629205251958        1.9143501044497021E-003
   1.8700000000000001        1.9135778159986299        1.9073451869855182E-003
   1.8999999999999999        1.8947160982653968        2.1048276598425587E-003
   1.9300000000000002        1.8708001216119661        1.9560707195650415E-003
   1.9600000000000000        1.8460065400658825        1.8671070870744460E-003
   1.9900000000000000        1.8225856087225891        1.9035173482636494E-003
   2.0200000000000000        1.7967683902821683        2.0783127421019482E-003
   2.0499999999999998        1.7714465935145687        2.0343855267879545E-003
   2.0800000000000001        1.7397436693399912        1.9147194149191046E-003
   2.1100000000000003        1.7087793955689246        2.0496246461261169E-003
   2.1399999999999997        1.6820772297475135        2.1451505176343262E-003
   2.1699999999999999        1.6491653822832899        2.0388774246590581E-003
   2.2000000000000002        1.6200090997757910        2.0640158515704120E-003
   2.2300000000000000        1.5921671520063505        2.0268564013501428E-003
   2.2599999999999998        1.5608860752025184        2.0622608088900559E-003
   2.2900000000000000        1.5315016882496471        1.9625248375799414E-003
   2.3200000000000003        1.5033771160320002        1.9162379278818424E-003
   2.3500000000000001        1.4733076133474821        2.0135949253394683E-003
   2.3799999999999999        1.4486817334562887        1.9180046022071115E-003
   2.4100000000000001        1.4210485887985482        1.9982384818867174E-003
   2.4399999999999999        1.3967269100606925        1.8993080854251560E-003
   2.4699999999999998        1.3712811110215239        2.0171182432776593E-003
   2.5000000000000000        1.3464879622366155        1.9099412414896426E-003
   2.5300000000000002        1.3255006067939201        1.8779387296996221E-003
   2.5600000000000001        1.3033723170214169        1.9077906153339456E-003
   2.5899999999999999        1.2809987235879579        1.9296336909096765E-003
   2.6200000000000001        1.2651776356956632        1.8865471955391195E-003
   2.6499999999999999        1.2464589068529797        1.7934645213341449E-003
   2.6799999999999997        1.2265370379201908        1.8142408163347313E-003
   2.7100000000000000        1.2108193321345240        1.8544069200434586E-003
   2.7400000000000002        1.1967089291300654        1.7547382843358834E-003
   2.7700000000000000        1.1815298163256311        1.8872842544296580E-003
   2.7999999999999998        1.1662315517911150        1.7593373711406461E-003
   2.8300000000000001        1.1540354128280921        1.8275439914754756E-003
   2.8600000000000003        1.1420916681226838        1.7185279147635345E-003
   2.8899999999999997        1.1305572167204063        1.7788503797259484E-003
   2.9199999999999999        1.1186373076036873        1.7702775095346753E-003
   2.9500000000000002        1.1116233875475781        1.8022774378857046E-003
   2.9800000000000000        1.0993976299219341        1.7337460871389506E-003
   3.0099999999999998        1.0930684112586093        1.7560400772829035E-003
   3.0400000000000000        1.0849143325318311        1.7289398101292674E-003
   3.0699999999999998        1.0770915788033049        1.7434968768402141E-003
   3.1000000000000001        1.0738919467790591        1.7625662134671564E-003
   3.1299999999999999        1.0644477883686478        1.7263646348698865E-003
   3.1600000000000001        1.0614617669553486        1.6917927764511867E-003
   3.1899999999999999        1.0558948487743562        1.7792766508934058E-003
   3.2200000000000002        1.0486480568980883        1.7453645724292430E-003
   3.2500000000000000        1.0453256248038745        1.8072496124302813E-003
   3.2799999999999998        1.0414737355882544        1.7477266360652979E-003
   3.3100000000000001        1.0384532059402025        1.7541446356977254E-003
   3.3399999999999999        1.0331322962317071        1.8105489323535172E-003
   3.3700000000000001        1.0295022500443916        1.7825869500202117E-003
   3.3999999999999999        1.0275939418271136        1.7128849732413944E-003
   3.4300000000000002        1.0260258544738265        1.7477959228566248E-003
   3.4600000000000000        1.0233265698309422        1.6236086958783661E-003
   3.4900000000000002        1.0202173374241623        1.7283482562708728E-003
   3.5200000000000000        1.0185265136730877        1.6465962228533633E-003
   3.5499999999999998        1.0170161994396558        1.7116278985218353E-003
   3.5800000000000001        1.0168607393134999        1.6957043460289389E-003
   3.6099999999999999        1.0141159054323612        1.6644446191668564E-003
   3.6400000000000001        1.0121891357518169        1.7219572831813608E-003
   3.6699999999999999        1.0110850236873703        1.6786646707997912E-003
   3.7000000000000002        1.0109113879922278        1.6620705263640542E-003
   3.7300000000000000        1.0107138024361506        1.6875805703119257E-003
   3.7599999999999998        1.0106303181603165        1.7220665791746147E-003
   3.7900000000000000        1.0071072072340606        1.6602257928359221E-003
   3.8199999999999998        1.0066112521711070        1.6745623968909117E-003
   3.8500000000000001        1.0082341996204376        1.6589018968855525E-003
   3.8799999999999999        1.0060888268195669        1.6995180878898782E-003
   3.9100000000000001        1.0048657617679149        1.6598245658659997E-003
   3.9399999999999999        1.0056453035164605        1.7054611151136921E-003
   3.9700000000000002        1.0024236020334507        1.7118228444688766E-003
   4.0000000000000000        1.0058393014775011        1.6532785001025876E-003
